$ANSIBLE_VAULT;1.1;AES256
30353934353764653361316139353963336666636435633431656437326664363937336365613363
3565393836643731613936643863643931316334346433660a303663363061386130343561626466
38303563353437636430383261373364356436626239633762653930343137343765336333353931
3330643335376365620a366235626565303035313839396235363538383032306231613837363330
37376232353936346231343035646464633064613435313263616436393032366265313435653333
64373939616233323463346633316562376663316637373236386239336439633966303638366338
62363765646266353531326235363639616634616337383435623533626664653436666431336537
34363133666333663265376466663931353661633537326335656135616539623631656435323339
32333237633131616261626563366239646337303736626532323932666336383732313936646137
66363866616432646134663739653430376564386137383361376535353662303338333966613934
64333561626161333330373336323761353161303734313666636332656432633135393433396539
65393235323632303762343239373036373038643537343934396663346262623337326533336465
30356262633132623262613136653534333563313663303738306237643366363035643439656635
61346339653932386136326561643238373532663432306337346138336165633363393861323466
64643633623432386563386361373330306265306131326463653063643466663963373762613531
34363064333264633437326537663564663861396137626330623665633736363434316561373835
65353061333264646433396362346561383830326339633636366164313737633565643661663265
37653565333133396336376636373461393266663163396661373861626331386661623030623833
39303735663034386230393136373230316662333734313734663663306537393863623830353931
64613963626461646235383666356661333732336261326464346435323361353565393864343962
62653766646564306264343465333466383938326662633436396537396333373835613034376436
33363236626632356237383962343262306530313466333264373365616138666366623338386532
62343663353032633836656631613762303734353133656534643364396236353033646331663865
61323030323330373338666630616164306235326363643834366435303838653161356333336339
3930
